0.0
0.0833333333333
0.166666666667
0.25
0.333333333333
0.416666666667
0.5
0.583333333333
0.666666666667
0.75
0.833333333333
0.916666666667
1.0
0.833333333333
0.75
0.833333333333
0.666666666667
0.75
0.833333333333
0.75
0.666666666667
0.583333333333
0.666666666667
0.75
0.833333333333
0.666666666667
0.75
0.666666666667
0.583333333333
0.666666666667
0.5
0.583333333333
0.666666666667
0.75
0.833333333333
0.75
0.666666666667
0.583333333333
0.666666666667
0.75
0.666666666667
0.583333333333
0.666666666667
0.583333333333
0.5
0.583333333333
0.666666666667
0.583333333333
0.5
0.416666666667
0.5
0.583333333333
0.666666666667
0.75
0.75
0.666666666667
0.666666666667
0.583333333333
0.666666666667
0.5
0.583333333333
0.666666666667
0.666666666667
0.583333333333
0.666666666667
0.583333333333
0.5
0.583333333333
0.666666666667
0.583333333333
0.5
0.583333333333
0.5
0.416666666667
0.5
0.583333333333
0.666666666667
0.5
0.583333333333
0.5
0.416666666667
0.5
0.333333333333
0.416666666667
0.5
0.583333333333
0.666666666667
0.75
0.666666666667
0.583333333333
0.666666666667
0.666666666667
0.583333333333
0.583333333333
0.5
0.583333333333
0.666666666667
0.583333333333
0.5
0.416666666667
0.5
0.583333333333
0.583333333333
0.666666666667
0.583333333333
0.5
0.583333333333
0.583333333333
0.5
0.583333333333
0.5
0.416666666667
0.5
0.583333333333
0.583333333333
0.5
0.5
0.416666666667
0.5
0.5
0.416666666667
0.5
0.416666666667
0.333333333333
0.416666666667
0.5
0.583333333333
0.5
0.416666666667
0.5
0.5
0.416666666667
0.5
0.416666666667
0.333333333333
0.416666666667
0.5
0.416666666667
0.333333333333
0.25
0.333333333333
0.416666666667
0.5
0.583333333333
0.666666666667
0.583333333333
0.5
0.583333333333
0.5
0.5
0.416666666667
0.5
0.583333333333
0.5
0.5
0.416666666667
0.5
0.333333333333
0.416666666667
0.5
0.5
0.416666666667
0.5
0.5
0.5
0.416666666667
0.5
0.5
0.416666666667
0.416666666667
0.333333333333
0.416666666667
0.416666666667
0.5
0.416666666667
0.416666666667
0.333333333333
0.416666666667
0.416666666667
0.333333333333
0.416666666667
0.333333333333
0.333333333333
0.25
0.333333333333
0.416666666667
0.5
0.416666666667
0.333333333333
0.416666666667
0.416666666667
0.333333333333
0.333333333333
0.333333333333
0.25
0.333333333333
0.333333333333
0.333333333333
0.25
0.333333333333
0.166666666667
0.25
0.333333333333
0.416666666667
0.5
0.416666666667
0.333333333333
0.416666666667
0.333333333333
0.25
0.333333333333
0.333333333333
0.333333333333
0.25
0.333333333333
0.25
0.166666666667
0.25
0.333333333333
0.25
0.166666666667
0.25
0.166666666667
0.166666666667
