2
3
4
5
6
7
8
9
10
11
12
13
11
14
13
15
11
10
16
14
17
13
18
11
19
15
18
10
9
20
14
19
21
16
22
23
15
24
11
13
14
25
17
23
26
18
24
10
14
27
19
23
26
9
8
28
20
25
29
19
26
27
16
30
21
31
32
33
18
24
13
34
15
24
19
14
35
17
33
16
36
22
32
37
23
33
38
24
10
19
39
23
34
38
14
20
40
25
35
37
41
26
33
38
9
16
42
27
32
39
41
8
7
43
28
36
44
25
39
45
26
38
46
29
37
45
41
27
42
21
47
28
40
46
48
30
49
50
51
33
52
18
15
26
14
53
23
52
33
17
54
52
19
27
16
55
53
56
23
33
51
22
25
21
57
58
32
54
59
34
52
26
19
51
20
60
35
53
61
33
26
51
25
62
61
59
29
32
51
50
31
28
63
36
55
62
64
37
56
61
41
27
65
39
53
59
41
16
28
66
40
55
60
64
67
41
51
8
21
68
42
50
58
65
67
7
6
69
43
57
70
36
58
71
37
59
45
51
39
72
44
60
71
73
45
61
41
65
40
74
46
62
71
73
67
42
68
30
75
47
63
72
76
46
64
73
74
66
43
77
48
78
79
65
80
81
34
23
39
22
82
53
81
59
32
25
83
59
81
27
42
21
84
82
85
35
53
56
86
56
81
37
32
39
65
31
40
87
80
86
36
30
88
89
58
82
90
54
59
29
83
50
28
91
55
82
92
53
37
54
86
58
36
93
55
80
71
86
82
44
94
71
92
90
46
50
65
79
49
43
95
57
84
94
96
62
86
71
64
83
46
97
60
85
92
64
50
40
89
47
98
63
87
93
96
99
64
86
42
79
43
100
66
84
91
97
99
68
30
101
68
79
89
6
5
102
69
88
103
104
62
90
58
105
60
82
62
89
57
106
70
91
104
96
94
89
63
107
72
93
105
96
74
79
66
108
74
94
104
68
101
48
109
75
95
106
110
72
97
94
76
111
76
96
74
99
108
100
69
112
75
98
107
111
113
77
114
100
115
97
116
85
60
55
66
49
117
91
116
105
97
84
57
63
48
118
98
117
119
87
91
93
70
120
93
116
72
84
107
100
78
69
121
95
117
120
110
107
115
88
75
4
122
102
118
123
106
119
98
88
124
103
117
106
95
77
125
109
121
124
102
114
126
112
121
123
109
118
