2
3
4
5
6
7
8
9
10
11
12
13
14
12
15
14
16
12
11
17
15
18
14
19
12
20
16
19
11
10
21
15
20
22
17
23
24
16
25
12
14
15
26
18
24
27
19
25
11
15
28
20
24
27
10
9
29
21
26
30
20
27
28
17
31
22
32
33
34
19
35
12
14
36
16
35
20
15
37
18
34
17
38
23
33
39
24
34
40
25
35
11
20
41
24
36
40
15
21
42
26
37
39
43
27
34
40
10
17
44
28
33
41
43
9
8
45
29
38
46
26
41
47
27
40
48
30
39
47
43
28
44
22
49
29
42
48
50
31
51
52
53
54
25
14
55
19
25
16
27
15
56
24
55
54
18
57
55
20
28
17
58
56
59
24
54
53
23
26
22
60
61
33
57
62
36
55
40
20
63
34
55
40
15
21
64
37
56
65
34
54
40
27
63
26
66
65
62
30
33
53
52
32
29
67
38
58
66
68
39
59
65
69
40
54
10
28
70
41
56
62
69
17
29
71
42
58
64
68
72
43
53
63
69
9
22
73
44
52
61
70
72
8
7
74
45
60
75
38
61
76
39
62
77
40
63
41
78
46
64
76
79
47
65
77
69
43
70
42
80
48
66
76
79
72
44
73
31
81
49
67
78
82
48
68
79
80
71
45
83
50
84
85
86
63
87
34
88
19
18
89
55
88
27
20
43
17
90
91
55
24
92
36
55
34
24
63
23
41
93
87
92
89
33
26
94
89
91
28
44
22
95
93
96
37
87
97
34
98
97
92
39
33
63
86
32
42
99
90
98
38
31
100
101
102
53
89
21
103
56
91
104
55
27
53
26
105
57
89
104
30
94
52
29
106
58
93
107
56
87
65
89
39
108
59
92
65
53
41
102
38
109
58
90
110
65
104
47
53
63
108
103
46
111
110
107
105
48
52
86
85
51
45
112
60
95
111
113
66
98
110
114
65
97
43
115
62
92
104
43
28
48
116
64
96
107
114
86
42
117
61
93
105
115
86
29
49
118
67
99
109
113
119
68
98
108
114
72
44
120
70
90
103
115
72
22
45
121
71
95
106
116
119
122
72
86
102
8
31
123
73
85
101
117
120
122
7
6
124
74
100
125
126
66
105
127
62
89
47
110
102
61
128
64
103
110
101
60
129
75
106
126
130
76
108
110
79
115
68
131
76
107
127
79
86
70
117
67
132
78
109
128
130
133
79
110
72
120
71
134
80
111
126
131
133
122
73
123
50
135
81
112
129
136
78
116
131
137
79
114
138
82
113
130
137
133
119
80
134
121
74
139
81
118
132
138
140
83
141
142
120
143
144
92
145
36
62
33
41
146
56
92
37
70
32
147
90
144
148
91
92
62
57
39
61
38
149
103
146
148
115
52
42
150
115
144
44
73
31
151
149
152
153
59
91
56
103
58
154
146
153
108
90
58
64
155
108
153
148
68
52
70
120
51
71
156
147
154
157
108
144
66
155
143
60
67
50
158
159
117
147
160
93
144
127
46
161
105
148
127
115
94
48
150
85
45
162
163
98
148
61
164
96
146
107
98
93
64
165
107
148
105
66
93
103
149
95
60
117
166
99
147
167
148
76
90
168
98
144
76
163
75
169
160
164
168
131
143
95
78
170
131
167
165
161
80
85
120
142
84
74
171
172
101
149
161
49
173
106
152
165
174
107
153
68
94
155
101
67
175
109
154
167
130
155
149
78
176
130
174
161
82
111
155
131
170
151
100
81
177
112
156
169
176
178
113
157
168
130
119
150
80
179
116
154
164
174
119
85
71
159
81
180
118
156
166
175
178
181
119
155
163
73
142
74
182
121
151
162
173
179
181
123
50
183
123
142
159
172
6
5
184
124
158
185
186
126
165
187
105
161
111
101
117
188
109
160
165
157
126
147
106
159
100
189
125
162
186
190
126
163
113
161
191
128
164
165
113
111
149
116
172
112
192
129
166
188
190
178
170
159
118
193
132
169
188
191
178
134
142
121
194
134
170
186
123
183
83
195
135
171
189
196
129
173
186
176
197
136
175
191
176
138
170
179
132
198
138
176
190
134
181
194
182
124
199
139
177
192
197
200
138
178
198
193
180
135
201
140
202
182
203
179
204
164
205
96
116
95
206
154
164
106
99
121
84
207
173
206
208
152
154
128
109
191
179
151
100
118
209
162
204
191
112
83
210
180
207
211
188
208
173
156
125
212
166
206
188
175
169
162
156
129
213
175
208
132
151
193
182
141
124
214
177
209
212
215
169
204
136
197
193
203
158
135
216
171
207
213
197
139
4
217
184
210
218
192
212
219
166
180
158
220
189
211
212
196
192
207
185
171
177
140
221
195
214
220
222
189
209
184
202
223
199
216
220
195
210
224
199
214
218
