2
3
4
5
6
7
8
9
10
11
12
13
14
15
16
17
15
18
17
19
15
14
20
18
21
17
22
15
23
19
22
14
13
24
18
23
25
20
26
27
19
28
15
17
18
29
21
27
30
22
28
14
18
31
23
27
30
13
12
32
24
29
33
23
30
31
20
34
25
35
36
37
22
38
15
17
39
19
38
23
18
40
21
37
20
41
26
36
42
27
37
43
28
38
14
23
44
27
39
43
18
24
45
29
40
42
46
30
37
43
13
20
47
31
36
44
46
12
11
48
32
41
49
29
44
50
30
43
51
33
42
50
46
31
47
25
52
32
45
51
53
34
54
55
56
57
28
58
15
17
59
22
58
19
30
18
60
27
59
57
21
61
59
23
31
20
62
60
63
27
57
56
26
29
25
64
65
36
61
66
39
59
67
38
58
14
23
68
37
59
67
18
24
69
40
60
70
37
57
67
30
68
29
71
70
66
33
36
56
55
35
32
72
41
62
71
73
42
63
70
74
43
57
67
13
31
75
44
60
66
74
20
32
76
45
62
69
73
77
46
56
68
74
12
25
78
47
55
65
75
77
11
10
79
48
64
80
41
65
81
42
66
82
43
67
68
44
83
49
69
81
84
50
70
82
74
46
75
45
85
51
71
81
84
77
47
78
34
86
52
72
83
87
51
73
84
85
76
48
88
53
89
90
91
92
93
38
58
17
94
28
58
19
43
18
95
37
96
22
58
93
21
97
94
96
30
23
46
20
98
99
94
27
100
39
94
93
27
92
26
44
101
95
100
97
36
29
102
97
99
31
47
25
103
101
104
40
95
105
37
93
106
105
100
42
36
92
91
35
45
107
98
106
41
34
108
109
110
56
97
111
59
96
112
58
14
23
113
57
94
112
18
24
114
60
99
115
59
94
112
30
113
29
116
61
97
115
111
33
102
55
32
117
62
101
118
60
95
119
57
93
112
43
111
42
120
63
100
119
113
44
110
41
121
62
98
122
119
115
50
56
92
120
114
49
123
122
118
116
51
55
91
90
54
48
124
64
103
123
125
71
106
122
126
70
105
119
127
67
93
112
13
46
128
66
100
115
127
31
51
129
69
104
118
126
130
68
95
111
127
20
45
131
65
101
116
128
130
32
52
132
72
107
121
125
133
73
106
120
126
134
74
92
113
127
12
47
135
75
98
114
128
134
25
48
136
76
103
117
129
133
137
77
91
110
130
134
11
34
138
78
90
109
131
135
137
10
9
139
79
108
140
141
71
116
142
66
111
143
67
112
144
70
115
143
113
68
110
65
145
69
114
144
109
64
146
80
117
141
147
81
120
144
148
82
119
143
127
74
128
73
149
81
118
142
148
130
75
131
72
150
83
121
145
147
151
84
122
144
148
134
77
135
76
152
85
123
141
149
151
137
78
138
53
153
86
124
146
154
83
129
149
155
84
126
148
156
87
125
147
155
151
133
85
152
136
79
157
86
132
150
156
158
88
159
160
161
162
163
93
164
38
19
67
18
165
57
166
28
38
22
93
21
167
164
166
43
23
74
20
168
169
164
166
37
27
170
59
166
93
27
163
26
68
171
165
170
172
166
30
56
29
173
167
169
172
46
31
77
25
174
175
169
176
39
164
167
36
44
177
60
169
178
59
164
93
37
165
40
179
178
176
66
36
163
162
35
75
180
168
179
181
170
178
167
61
42
175
65
41
182
171
177
181
173
55
45
183
173
175
47
78
34
184
182
185
186
63
170
187
57
93
165
60
171
62
188
177
186
189
187
178
70
56
163
168
62
69
190
189
186
181
73
55
162
161
54
76
191
180
188
192
189
179
71
190
174
64
72
53
193
194
195
196
92
167
197
94
166
67
23
163
24
198
95
169
199
96
166
67
30
163
29
200
97
172
199
197
33
173
91
32
201
98
175
202
99
169
203
94
164
67
43
197
42
204
100
176
203
163
44
196
41
205
101
175
206
203
199
50
97
167
204
198
49
207
200
202
206
173
102
51
183
90
48
208
209
106
181
210
100
170
211
93
67
197
66
212
105
178
211
163
68
196
65
213
104
177
214
95
165
211
199
70
212
198
69
215
214
210
200
71
101
171
182
103
64
195
216
107
180
217
202
210
218
211
203
82
92
163
168
98
81
219
106
179
218
212
204
81
209
201
80
220
205
213
219
221
218
214
206
84
91
162
174
103
83
222
221
217
215
207
85
90
161
160
89
79
223
224
109
182
207
225
116
181
206
226
115
178
203
127
46
227
111
170
199
127
31
51
228
114
177
202
226
229
113
165
197
127
20
45
230
110
171
200
227
229
32
52
231
117
185
215
232
118
186
214
233
119
187
211
127
74
227
73
234
120
186
210
233
229
75
230
72
235
121
188
217
236
122
189
218
233
226
84
234
228
83
237
236
232
225
87
123
190
221
222
184
108
86
238
124
191
220
237
239
125
192
219
236
240
126
189
212
233
241
127
163
12
77
242
128
179
204
226
241
47
85
243
129
188
213
232
240
244
130
168
198
227
241
25
76
245
131
180
205
225
242
244
48
86
246
132
191
216
235
239
247
133
190
209
234
240
248
134
162
196
229
241
11
78
249
135
174
201
228
242
248
34
79
250
136
184
208
231
243
247
251
137
161
195
230
244
248
10
53
252
138
160
194
224
245
249
251
9
8
253
139
193
254
255
256
122
206
257
115
199
143
197
111
258
119
203
143
163
113
196
110
259
118
202
257
258
198
114
260
116
200
257
207
123
109
195
261
121
205
259
262
120
204
258
256
201
117
194
108
263
140
208
255
264
141
209
256
265
144
212
258
266
143
211
127
226
126
267
142
210
257
266
227
128
225
125
268
145
213
259
265
269
144
214
257
266
229
130
228
129
270
141
215
260
267
269
230
131
224
124
271
146
216
261
264
272
147
219
262
265
273
148
218
258
266
241
134
242
133
274
149
217
259
267
273
244
135
245
132
275
150
220
261
268
272
276
151
221
256
269
273
248
137
249
136
277
152
222
255
270
274
276
251
138
252
88
278
153
223
263
279
146
231
270
280
147
232
267
281
148
233
266
269
234
149
282
154
235
268
280
283
155
236
265
281
273
240
151
274
243
150
284
156
237
264
280
283
276
247
152
277
250
139
285
157
238
271
282
286
156
239
272
283
284
275
246
153
287
158
288
289
290
291
229
292
293
94
294
28
57
27
113
26
295
165
293
296
166
294
43
30
92
29
297
197
293
296
74
31
134
25
298
299
300
166
37
301
59
166
94
39
197
36
68
302
95
300
303
96
166
57
37
165
40
304
303
301
111
36
113
229
35
130
305
292
304
306
293
303
296
97
42
307
293
301
296
56
44
110
41
308
295
302
306
309
296
300
46
91
45
310
297
299
307
309
77
47
137
34
311
312
307
313
293
314
59
94
60
315
301
314
197
61
66
297
55
75
316
317
100
301
318
94
57
165
60
319
99
293
318
63
307
98
62
295
320
313
319
321
318
314
115
56
113
292
62
114
322
321
317
315
128
55
229
291
54
135
323
324
299
315
65
325
302
317
326
318
303
70
97
197
299
101
69
327
326
315
116
71
304
321
322
298
64
131
328
305
320
327
329
306
319
326
297
102
73
312
109
72
330
308
316
325
329
310
90
76
331
310
312
324
78
138
53
332
330
333
334
335
105
303
187
165
95
336
100
293
187
306
106
101
295
337
104
302
335
308
103
338
316
334
339
335
317
118
106
304
340
187
318
119
92
113
341
319
336
340
292
98
120
305
107
117
342
325
337
339
343
340
335
326
126
91
229
298
103
129
344
343
341
334
329
133
90
291
290
89
136
345
328
338
346
320
341
347
340
321
122
121
348
347
339
327
125
123
322
343
344
311
108
132
349
323
342
348
124
88
350
351
352
353
196
295
354
167
296
33
297
162
32
355
168
299
356
169
300
357
166
43
167
42
358
170
301
357
92
44
196
41
359
171
307
360
172
296
357
50
358
295
49
361
354
356
360
309
173
51
310
161
48
362
363
179
315
364
176
301
203
167
66
365
178
314
203
92
68
196
65
366
177
313
367
169
293
203
296
70
365
295
69
368
367
364
354
71
175
307
312
174
64
353
369
180
324
370
356
364
371
203
357
82
167
197
299
175
81
372
181
315
371
365
358
81
363
355
80
373
359
366
372
374
371
367
360
84
173
297
312
182
83
375
361
368
370
374
310
183
85
331
160
79
376
377
378
189
326
379
178
303
119
167
111
340
196
110
380
186
319
381
170
293
119
296
115
340
295
114
382
181
306
381
379
354
116
329
190
109
353
383
188
325
384
177
302
385
165
119
357
379
356
118
386
186
317
385
340
358
120
378
355
117
387
185
316
388
385
381
360
122
171
295
386
380
359
121
389
388
384
382
361
123
182
308
330
184
108
352
390
391
392
367
381
258
292
168
144
393
379
364
142
179
304
258
382
368
141
180
305
394
188
320
392
395
189
321
258
340
365
144
380
366
145
396
192
327
393
395
378
363
141
377
362
140
191
328
397
369
383
396
398
395
386
372
147
190
322
399
258
385
371
148
162
229
400
370
384
393
399
298
174
149
323
191
146
401
373
387
394
398
402
399
392
388
374
151
161
291
311
184
150
403
402
400
391
389
375
152
160
290
289
159
139
404
405
406
195
308
361
407
200
306
360
408
199
303
357
74
46
297
51
409
198
302
356
408
162
45
353
52
410
201
316
368
411
202
319
367
412
203
318
74
297
73
413
204
317
364
412
162
75
353
72
414
205
325
370
415
206
326
371
412
408
84
413
409
83
416
207
329
374
415
411
407
87
375
330
194
86
417
208
333
389
418
215
334
388
419
214
335
385
233
408
126
420
210
336
381
233
297
128
407
125
421
213
337
384
419
422
212
335
379
233
162
130
409
129
423
209
334
382
420
422
353
131
406
124
424
216
338
391
425
217
341
392
426
218
340
258
233
412
148
420
411
147
427
219
339
393
426
422
413
149
423
410
146
428
220
342
400
429
426
419
415
155
221
343
399
427
421
414
154
430
429
425
418
416
156
222
344
402
403
332
193
153
431
223
345
401
430
432
237
348
398
429
433
236
347
395
426
434
233
340
134
435
226
321
365
412
134
77
151
436
232
339
386
419
434
437
227
304
358
408
134
47
133
438
225
327
372
415
435
437
85
156
439
235
346
394
425
433
440
234
341
380
420
434
291
135
441
228
320
366
411
435
291
76
150
442
231
338
387
418
436
440
443
230
305
359
407
437
291
48
132
444
224
328
373
416
438
441
443
86
157
445
238
349
397
428
432
446
239
348
396
427
433
447
240
343
378
422
434
248
137
448
242
322
363
413
435
248
78
152
449
243
342
383
421
436
447
450
244
298
355
409
437
248
34
136
451
245
323
369
414
438
448
450
79
153
452
246
345
390
424
439
446
453
247
344
377
423
440
447
454
248
291
353
10
138
455
249
311
362
410
441
448
454
53
139
456
250
332
376
417
442
449
453
457
251
290
352
406
443
450
454
9
88
458
252
289
351
405
444
451
455
457
8
7
459
253
350
460
461
462
463
218
371
196
464
214
367
465
199
296
82
218
295
198
466
206
360
465
371
354
200
374
221
195
353
467
217
370
468
202
356
371
469
210
364
371
218
358
204
463
355
201
470
215
368
466
469
464
359
205
471
466
468
361
207
375
222
194
352
472
473
219
372
469
474
212
365
218
463
363
209
475
213
366
464
474
470
373
220
208
362
462
476
216
369
467
473
351
193
477
478
255
389
471
479
260
382
466
480
257
379
371
148
408
226
481
257
381
465
148
297
227
407
225
482
259
384
468
480
399
409
228
483
256
388
466
481
399
353
230
406
224
484
261
387
470
485
259
380
464
426
481
411
232
486
262
386
469
426
399
413
234
483
410
231
487
261
383
467
488
256
378
463
426
480
415
236
486
482
414
235
489
488
485
479
416
237
255
377
462
461
376
254
223
405
490
263
390
472
489
491
264
396
473
488
492
265
395
474
426
273
435
240
493
267
393
469
480
273
437
242
438
239
494
268
394
475
485
492
495
269
392
464
481
273
291
244
441
243
496
270
391
470
479
493
495
443
245
444
238
497
271
397
476
487
491
498
272
398
473
486
492
499
273
399
463
248
448
247
500
274
400
467
482
493
499
450
249
451
246
501
275
401
472
484
494
498
502
276
402
462
483
495
499
454
251
455
250
503
277
403
461
478
496
500
502
457
252
458
158
504
278
404
477
505
263
417
478
506
264
418
479
507
267
420
481
281
508
265
419
480
281
399
422
269
483
423
270
509
268
421
482
508
510
279
424
484
506
511
280
427
486
508
512
281
426
273
434
493
436
272
513
280
425
485
507
512
495
440
274
496
442
271
514
282
428
487
509
511
515
283
429
488
508
512
499
447
276
500
449
275
516
284
430
489
506
513
515
502
453
277
503
456
253
517
285
431
490
510
518
282
439
494
513
519
283
433
492
512
520
286
432
491
511
519
515
498
446
284
516
501
452
278
521
285
445
497
514
520
522
287
523
524
525
450
526
527
528
303
529
96
59
199
56
68
530
170
529
303
95
60
531
529
111
61
227
55
130
532
530
533
169
303
63
528
168
62
198
244
54
534
535
304
531
536
301
529
199
97
66
528
110
65
537
302
530
538
300
303
199
172
70
528
171
69
539
538
536
200
71
299
528
527
298
64
230
540
355
532
539
541
356
533
538
408
173
73
542
358
530
536
408
91
75
195
72
543
409
532
537
541
544
408
528
77
161
76
545
437
527
535
542
544
137
78
251
53
546
547
542
548
549
301
314
170
99
100
358
98
550
530
549
551
314
529
115
97
111
304
101
114
552
536
549
551
227
102
128
437
90
135
553
554
555
178
529
95
556
176
301
178
169
100
536
179
101
198
557
177
530
558
178
300
105
169
170
555
302
104
559
558
556
356
106
175
358
542
174
103
409
560
548
559
561
558
549
202
106
299
365
562
549
556
365
168
98
204
355
107
201
563
550
557
561
564
365
555
551
226
91
130
298
103
228
565
564
562
554
552
242
90
244
450
89
249
566
567
535
550
568
531
551
116
552
527
109
131
569
532
554
570
530
555
379
531
181
118
571
533
556
379
304
175
120
535
180
117
572
532
562
573
379
551
206
122
528
365
571
550
205
121
574
573
570
568
225
123
527
564
565
526
108
245
575
534
563
574
576
539
561
573
577
379
558
538
126
173
227
552
207
125
578
537
557
570
577
527
182
129
567
224
124
579
540
560
572
576
580
541
559
571
577
437
183
133
547
194
132
581
543
553
569
578
580
545
160
136
582
545
547
567
138
252
88
583
581
584
585
586
335
558
538
189
171
198
587
186
533
558
335
302
177
588
558
356
181
541
190
182
409
589
587
590
186
530
335
586
532
185
188
537
543
184
591
592
593
558
212
168
594
558
556
210
179
299
212
588
559
209
180
355
595
557
587
596
335
555
214
189
528
212
593
532
188
213
597
596
594
539
192
215
554
586
585
553
208
191
540
598
569
589
597
599
596
590
570
232
190
527
422
600
571
587
594
422
298
174
234
534
191
231
601
578
589
595
599
602
422
593
586
577
240
161
244
526
184
243
603
602
600
592
585
580
247
160
450
525
159
250
604
579
591
605
560
592
606
561
594
474
593
562
217
219
216
607
572
595
606
608
474
596
573
236
221
564
422
600
563
220
235
609
608
606
597
576
239
222
565
602
603
546
193
246
610
575
598
607
611
608
599
574
237
609
601
566
223
238
158
612
613
614
443
534
615
305
535
616
306
536
465
528
307
81
80
617
359
537
616
618
360
538
465
408
309
84
542
308
83
619
407
539
616
618
544
310
85
545
290
79
620
621
622
321
551
110
623
317
549
624
301
115
172
321
171
114
625
315
536
624
551
200
116
552
322
109
230
626
320
550
627
313
530
381
551
306
118
628
319
549
381
321
307
120
622
305
117
629
316
548
630
381
624
360
122
307
358
628
623
359
121
631
630
627
625
407
123
312
542
547
311
108
443
632
633
539
625
634
315
531
257
551
536
142
635
538
624
257
304
299
144
535
324
141
636
325
550
635
637
326
551
257
321
528
144
623
537
145
638
327
568
634
637
622
535
141
621
534
140
323
567
639
615
626
638
640
616
628
637
481
552
329
147
641
616
627
634
481
527
312
149
567
328
146
642
617
629
636
640
643
481
635
630
618
151
310
437
547
330
150
644
619
631
633
641
643
545
331
152
582
289
139
645
646
647
378
586
648
326
538
200
577
343
195
230
649
341
571
650
319
533
367
326
306
202
651
336
556
367
189
307
204
378
305
201
652
334
559
653
367
538
360
206
306
356
651
586
359
205
654
648
650
653
541
329
207
407
580
344
194
443
655
656
339
570
657
317
530
214
326
536
210
596
378
535
209
658
337
557
659
302
214
538
596
586
537
213
660
659
657
648
539
215
325
537
578
342
208
534
647
661
338
569
662
657
650
616
217
316
532
464
663
596
651
616
219
334
554
464
656
649
615
216
664
652
658
663
665
464
659
653
618
221
308
409
553
333
220
617
666
665
662
660
654
619
222
330
543
581
332
193
614
667
668
669
392
635
653
630
256
305
355
670
627
650
637
392
532
320
259
671
648
625
260
327
539
635
637
654
631
255
328
540
672
629
652
673
339
561
635
395
586
623
259
674
341
562
392
395
651
628
262
669
560
338
261
675
346
572
670
674
676
347
573
637
395
378
622
256
649
626
261
677
676
673
671
576
348
255
621
647
646
620
254
345
579
678
632
655
677
679
676
656
638
264
348
574
680
637
657
634
267
322
527
269
681
395
596
637
265
343
564
269
682
636
658
673
681
683
635
659
269
298
563
342
268
684
633
660
671
680
683
534
323
270
575
349
263
685
639
661
675
679
686
681
674
663
640
272
344
565
495
687
641
662
670
680
495
526
311
274
566
345
271
688
642
664
672
682
686
689
495
683
669
665
643
276
290
450
546
332
275
690
689
687
684
668
666
644
277
289
525
524
288
253
691
692
693
406
540
617
694
361
541
618
87
619
543
352
86
695
362
553
631
696
368
559
630
697
367
558
381
226
309
126
698
364
556
624
226
173
128
361
125
699
366
557
627
697
564
308
129
700
363
554
625
698
564
195
131
406
124
701
369
569
633
702
370
571
635
480
698
541
147
703
372
570
634
480
564
542
149
700
540
146
704
373
578
641
705
480
697
618
155
374
577
481
703
699
617
154
706
694
696
702
705
643
580
375
156
644
581
351
153
707
708
377
585
654
709
382
588
653
697
577
361
225
710
380
587
650
697
343
308
228
647
406
224
711
383
589
660
712
384
587
659
419
577
541
232
713
386
590
657
419
343
542
234
647
540
231
714
387
589
662
715
388
586
464
419
697
618
236
713
710
617
235
716
715
712
709
694
237
389
585
665
666
584
376
223
693
717
390
591
668
718
391
592
669
719
392
593
265
697
720
393
594
635
265
577
698
267
709
696
264
721
394
595
670
719
681
710
699
268
722
396
597
671
720
681
647
700
270
708
695
263
723
397
598
684
724
702
712
720
508
683
600
400
280
725
398
599
680
508
681
713
703
280
722
711
701
279
726
704
714
721
725
727
508
719
715
705
283
402
602
495
687
601
401
282
728
727
724
718
716
706
284
403
603
689
690
583
350
278
729
730
405
579
642
706
731
416
576
640
705
732
415
573
637
480
435
544
151
733
411
561
628
697
435
310
133
619
156
734
414
572
636
702
732
735
413
562
623
698
435
161
135
543
150
736
410
560
629
696
733
735
352
132
693
157
737
417
591
664
716
738
418
597
663
715
739
419
596
240
544
740
420
594
651
697
240
310
242
619
239
741
421
595
658
712
739
602
543
243
742
423
592
652
709
740
602
352
245
693
238
743
424
605
672
718
744
425
606
674
719
492
740
733
272
745
427
606
673
720
492
602
735
274
742
736
271
746
428
607
682
724
747
429
608
681
508
492
739
732
283
745
741
734
282
748
747
744
738
731
286
430
609
686
727
728
688
604
404
285
749
431
610
685
726
748
750
432
611
679
725
747
751
433
608
676
681
492
447
752
435
564
622
137
276
753
436
599
656
713
739
447
545
247
754
438
574
638
703
732
752
545
152
284
755
439
607
675
721
744
751
756
440
600
649
710
740
447
290
249
757
441
563
626
699
733
752
290
136
275
758
442
598
661
714
738
753
756
614
246
759
444
575
639
704
731
754
757
614
153
285
760
445
610
678
723
746
750
761
446
609
677
722
745
751
762
447
602
647
251
763
448
565
621
700
735
752
251
138
277
764
449
601
655
711
741
753
762
525
250
765
451
566
632
701
734
754
763
525
139
278
766
452
604
667
717
743
755
761
767
453
603
646
708
742
756
762
457
252
768
455
546
620
695
736
757
763
457
88
253
769
456
583
645
707
737
758
764
767
770
457
525
614
693
8
158
771
458
524
613
692
730
759
765
768
770
7
6
772
459
612
773
774
775
483
669
776
388
630
777
360
359
778
466
653
777
618
374
361
407
643
402
352
443
779
780
393
634
781
364
536
206
573
256
535
363
782
384
627
653
573
388
537
366
783
653
781
466
539
368
370
616
641
400
362
534
483
784
391
633
783
785
382
625
466
573
630
616
372
780
669
615
369
786
776
782
785
778
631
389
373
617
787
778
783
619
375
644
403
351
614
788
789
676
790
386
628
630
347
388
623
380
785
640
398
377
621
483
791
394
636
782
790
676
669
626
383
792
387
629
776
790
786
642
401
376
620
775
793
784
791
794
396
638
780
676
789
779
632
390
397
639
613
350
795
796
797
462
665
778
406
798
467
662
783
799
468
650
653
415
374
541
411
800
469
657
781
415
221
542
413
462
540
410
801
470
660
783
802
466
648
415
618
800
665
617
414
803
471
654
778
802
799
694
416
787
666
461
405
693
804
472
664
786
805
470
652
776
715
806
469
651
630
236
374
698
420
778
696
418
807
475
658
782
715
608
665
699
421
808
473
663
785
806
608
462
700
423
797
695
417
809
476
661
784
810
467
649
669
488
806
799
702
425
811
473
656
780
488
608
800
703
427
808
798
701
424
812
811
807
801
704
428
472
655
779
813
488
715
802
705
429
462
647
483
814
813
810
805
803
706
430
461
646
775
774
645
460
404
692
815
477
667
788
814
816
489
677
789
813
817
488
676
433
732
818
485
673
790
715
433
643
733
436
819
479
671
785
802
732
643
619
438
731
432
820
487
675
791
810
817
821
486
674
790
806
433
402
735
440
822
482
670
782
799
732
402
543
441
734
439
823
484
672
792
805
818
821
775
736
442
824
478
668
786
803
819
822
775
693
444
730
431
825
490
678
793
812
816
826
491
679
794
811
817
751
827
493
680
780
800
732
276
545
448
754
446
828
494
682
791
807
818
751
689
757
449
829
496
684
784
801
819
827
689
614
451
759
445
830
497
685
793
809
820
826
831
498
686
789
808
821
751
502
763
453
832
500
687
779
798
822
827
502
525
455
765
452
833
501
688
788
804
823
828
831
834
502
689
775
797
457
768
456
835
503
690
774
796
824
829
832
834
770
458
771
287
836
504
691
795
837
838
489
716
803
839
479
709
778
705
840
485
712
799
705
429
665
710
482
813
797
708
478
841
487
714
801
840
842
486
713
800
429
813
798
711
484
796
707
477
843
505
717
804
838
844
506
722
808
813
747
845
507
720
806
705
283
643
740
493
819
738
491
846
509
721
807
840
747
727
822
741
494
847
506
718
805
839
845
727
775
742
496
824
737
490
848
510
723
809
841
844
849
511
725
811
842
747
515
827
753
498
850
513
724
810
840
845
515
689
756
500
829
758
497
851
514
726
812
841
846
849
852
515
727
813
502
762
832
764
501
853
516
728
814
838
847
850
852
834
767
503
835
769
459
854
517
729
815
843
855
510
743
823
847
856
511
744
818
845
519
727
821
745
513
857
518
746
820
846
856
858
519
747
817
515
751
850
828
755
514
859
520
748
816
844
856
858
852
831
761
516
853
833
766
504
860
521
749
825
848
857
861
520
750
826
849
858
859
851
830
760
517
862
522
863
864
768
865
866
735
867
868
556
869
176
364
179
175
204
870
317
556
177
413
174
871
562
868
872
549
556
364
315
181
202
363
180
201
873
623
870
872
698
322
182
228
874
698
868
242
183
448
160
249
875
873
876
877
319
549
336
317
313
186
623
320
185
878
870
877
651
562
316
188
366
879
651
877
872
411
190
312
413
735
311
184
441
880
871
878
881
651
868
368
192
879
867
362
191
410
455
159
882
883
700
871
884
554
868
781
205
885
625
872
781
698
552
207
225
874
565
194
245
886
887
561
872
888
549
210
315
594
363
324
209
889
557
870
657
594
554
325
213
890
657
888
625
327
215
550
623
873
563
208
323
700
891
560
871
892
872
888
469
562
548
217
372
893
559
868
469
594
370
219
887
369
216
894
884
889
893
800
867
553
220
414
895
800
892
890
885
438
222
547
735
866
546
193
451
896
897
621
873
885
224
898
626
876
890
899
627
877
657
420
552
329
232
900
628
877
888
420
322
312
234
621
328
231
901
629
878
892
806
900
873
373
235
902
806
899
885
416
237
631
879
800
895
875
620
223
444
903
695
880
894
902
904
696
881
893
806
740
874
375
239
905
699
878
889
899
740
565
330
243
883
405
238
906
736
880
891
901
904
907
733
879
887
900
740
448
331
247
866
351
246
908
757
875
886
898
905
907
763
289
250
909
763
866
883
897
252
458
158
910
908
911
912
710
913
877
914
319
628
341
316
320
380
915
587
877
650
561
334
325
366
916
650
914
411
329
733
344
330
441
917
915
918
337
557
587
590
919
590
877
627
339
334
550
380
710
563
333
342
699
920
913
919
626
338
757
332
921
922
649
913
923
650
872
382
327
368
571
628
916
879
377
328
410
924
878
915
925
587
870
384
339
559
571
386
926
877
386
341
548
649
560
338
383
927
876
913
790
926
629
346
387
928
790
925
923
696
348
389
873
710
912
875
376
345
736
929
886
917
928
930
790
919
890
418
348
631
900
713
931
889
918
925
713
600
553
342
421
932
887
915
923
900
600
362
323
423
695
349
417
933
898
920
927
930
934
713
926
919
899
436
344
547
440
935
900
913
440
311
620
345
442
936
905
917
924
931
934
756
546
332
449
937
756
935
932
922
912
907
453
289
455
768
288
456
938
906
921
939
940
674
941
571
868
393
262
923
881
396
391
871
649
942
878
913
674
394
922
880
390
943
891
924
940
944
674
926
892
425
398
879
900
486
945
893
925
941
486
600
867
400
427
932
880
397
424
946
901
927
942
944
821
935
875
401
439
947
821
945
940
928
904
446
403
866
756
937
865
350
452
948
903
929
943
949
894
931
945
842
428
950
842
944
930
902
432
430
895
934
821
947
936
882
404
445
951
896
933
946
950
431
287
952
953
765
882
954
955
780
956
570
872
634
393
554
550
259
957
568
625
634
260
885
574
255
567
700
958
572
884
956
941
780
871
569
261
883
566
254
959
632
886
955
960
633
887
780
720
961
634
888
267
552
885
576
264
962
636
889
956
720
680
873
578
268
963
638
890
957
961
680
621
567
270
897
575
263
964
701
891
958
960
965
702
893
941
720
493
874
580
272
966
703
892
956
961
493
565
547
274
883
579
271
967
734
894
958
962
965
827
866
581
275
968
754
895
955
963
966
827
763
582
277
909
524
253
969
970
742
932
971
592
887
972
588
872
468
561
559
370
372
369
973
652
915
972
799
879
585
373
414
974
709
923
972
799
733
580
375
438
907
603
351
451
975
976
656
919
977
570
627
382
568
899
599
377
567
423
978
595
889
979
557
384
570
588
925
656
592
569
383
980
589
878
782
925
919
652
572
387
981
782
979
977
709
574
389
578
699
905
601
376
566
742
982
983
670
956
977
923
638
391
569
626
984
589
876
670
673
919
915
636
394
985
597
890
956
673
656
887
633
396
976
932
632
390
598
898
986
971
978
985
987
673
925
972
702
398
585
873
482
988
956
979
972
703
400
553
563
482
886
591
397
701
989
973
980
984
987
822
875
584
401
734
990
822
988
983
981
974
754
403
581
757
908
583
350
765
991
992
798
993
892
972
467
560
994
662
892
785
923
890
470
572
629
995
783
972
785
709
885
471
576
696
974
895
461
579
736
996
997
606
893
972
473
592
871
467
998
595
878
662
606
663
915
889
475
999
597
881
783
893
663
652
884
470
973
894
472
591
880
798
1000
605
891
993
997
1001
606
892
473
887
971
476
1002
1001
998
994
901
607
472
886
932
808
1003
808
997
999
995
904
609
461
883
742
970
882
460
604
906
1004
1005
779
988
1006
785
977
957
479
574
631
641
703
995
981
955
478
575
695
1007
958
980
999
1008
663
919
956
485
599
879
641
427
945
779
880
598
484
1009
958
978
997
811
945
988
894
607
487
1010
811
1008
1006
902
611
489
955
976
808
1003
975
954
477
610
903
1011
959
982
1002
1010
1012
811
1001
985
960
491
609
895
966
745
1013
962
984
998
1008
745
687
875
601
494
1014
963
983
994
1006
966
687
620
566
496
896
610
490
1015
964
986
1000
1009
1012
1016
745
945
997
987
965
498
603
866
500
1017
966
988
993
500
546
882
604
497
1018
967
989
996
1007
1013
1016
832
865
583
501
1019
832
1017
1014
1005
992
990
968
503
524
768
864
523
459
1020
1021
759
896
959
1022
639
898
963
1023
640
899
961
507
680
900
641
280
279
1024
704
901
962
1023
845
966
905
642
282
1025
731
902
960
1023
845
827
907
644
284
968
908
613
278
1026
1027
708
922
973
1028
654
916
799
416
974
912
646
405
444
1029
655
917
981
1030
660
915
782
712
899
654
576
418
1031
658
918
979
712
599
585
578
421
976
708
575
417
1032
661
920
983
1033
662
913
670
485
899
916
640
425
1008
976
922
639
424
1034
664
917
988
840
1008
1031
973
704
428
1035
840
1033
1030
1028
731
430
666
912
822
990
911
645
404
759
1036
1037
677
928
995
1038
671
923
783
702
640
654
885
479
987
789
708
897
478
1039
675
927
994
1033
944
789
922
898
484
1040
672
924
993
810
944
987
973
901
487
1041
810
1033
1038
1028
902
489
668
922
798
992
921
667
477
896
1027
1042
678
929
1005
1043
960
1030
1038
1023
724
779
932
684
506
1044
682
931
988
724
725
987
1031
962
509
1045
679
930
1006
1023
725
789
976
963
506
1037
1029
959
505
1046
1022
1032
1039
1045
1047
725
944
1008
1023
511
686
934
966
513
1048
1023
1033
513
687
935
1014
933
685
510
1049
1024
1034
1040
1044
1047
850
1017
936
688
514
1050
850
1048
1043
1041
1035
1025
516
690
937
832
1019
910
612
504
1051
1052
730
903
964
1024
1053
706
904
965
845
286
1025
967
906
692
285
1054
707
921
989
1035
1055
716
928
987
840
818
1056
712
925
436
580
974
706
432
1057
714
927
984
1033
818
934
912
642
439
1058
711
924
980
1030
1056
934
646
579
442
1027
730
431
1059
717
939
996
1041
1060
718
940
997
810
744
965
974
904
491
1061
721
942
998
1033
744
686
912
905
494
1062
722
940
999
1038
965
686
646
883
496
1027
903
490
1063
723
943
1007
1043
1064
724
945
511
965
1056
1047
1062
1058
964
510
1065
726
946
1013
1048
856
1047
1061
1057
1024
518
1066
856
1064
1060
1055
1053
520
728
947
1016
850
1050
1018
938
691
517
1067
729
948
1015
1049
1066
1068
748
950
1012
1047
856
849
1069
744
944
1001
498
907
1070
738
930
985
1008
818
753
907
644
446
1025
520
1071
746
949
1009
1044
1064
849
1016
1072
741
931
978
1031
1056
753
603
581
449
967
514
1073
743
943
1000
1040
1060
1069
1016
970
906
497
1074
737
929
986
1034
1055
1070
1072
970
692
445
1052
521
1075
749
951
1011
1046
1065
1068
1076
750
950
1010
1045
1047
849
831
1077
753
934
976
453
582
968
516
1078
755
946
1002
1039
1061
1069
831
937
908
501
1079
758
933
982
1032
1057
1070
1077
937
613
452
1021
517
1080
760
948
1004
1042
1063
1071
1076
1081
761
947
1003
1037
1062
1016
831
767
909
503
1082
764
936
975
1029
1058
1072
1077
767
524
456
953
504
1083
766
938
991
1036
1059
1073
1078
1081
1084
767
937
970
1027
458
864
459
1085
769
910
969
1026
1054
1074
1079
1082
1084
771
287
1086
771
864
953
1021
1052
6
5
1087
772
952
1088
1089
829
1014
1090
1091
671
957
638
633
1092
660
890
671
636
963
684
632
1093
784
983
1091
1038
1006
955
668
639
701
1094
801
994
1092
1038
819
895
666
642
734
1095
819
1006
1091
754
644
968
690
613
765
1096
1062
1097
985
1098
658
889
660
597
1092
962
682
655
886
684
722
1099
672
958
994
999
985
940
784
891
661
1100
999
1098
801
894
664
1094
967
688
645
882
829
1101
1093
1099
1102
675
958
983
940
794
1103
794
985
1091
960
679
677
955
963
722
1062
1014
954
667
685
964
1104
1090
1097
1103
959
678
953
612
1105
1106
824
1005
1093
1107
786
981
1006
839
704
1108
803
995
1038
839
819
974
787
706
731
1095
990
774
692
759
1109
1037
1110
791
984
1092
1030
930
677
668
898
711
1111
792
980
994
805
930
928
786
901
714
1112
805
1030
995
803
902
716
786
973
801
1094
989
788
707
896
824
1113
793
986
1093
1114
784
971
718
960
995
1115
791
978
983
718
679
928
981
962
721
1103
1037
1005
959
717
1116
793
982
1090
1043
1045
1103
1110
1093
1022
723
1117
1045
1115
1111
1107
1024
726
788
975
1014
847
1118
847
1043
1114
1112
1108
1025
728
774
970
829
1089
969
773
691
1021
1119
1120
796
992
1094
1108
730
1121
804
996
1100
1112
1122
805
999
738
904
787
1123
807
998
1098
1030
738
609
666
905
741
1003
796
903
737
1124
809
1000
1099
1114
1060
1012
1003
992
964
743
1125
812
1002
1097
1043
844
1012
1123
1094
1024
746
1126
844
1060
1122
1108
1053
748
814
1003
1062
847
1118
1096
991
795
729
1052
1127
815
1004
1101
1117
1126
1128
816
1010
1103
1045
844
826
1070
1095
1025
750
1129
820
1009
1102
1115
1060
826
947
990
967
755
1130
823
1007
1099
1111
1122
1070
947
774
906
758
1106
1052
749
1131
825
1011
1104
1116
1125
1128
1132
826
1012
1103
761
968
1133
828
1013
1097
1110
1123
1070
761
690
908
764
1089
1021
760
1134
830
1015
1101
1113
1124
1129
1132
1081
1019
953
766
1135
833
1018
1096
1109
1121
1130
1133
1081
835
864
769
1136
835
1019
1089
1106
1120
771
1086
522
1137
836
1020
1105
1138
1139
838
1041
1112
1140
803
1028
1108
1035
814
796
1027
824
1141
812
1034
1107
1112
1142
807
1031
981
716
611
1010
838
1005
1029
804
1143
809
1032
1093
1041
1010
1106
1026
795
1144
837
1036
1109
1139
1145
838
1037
816
1055
1108
1146
841
1039
1110
1041
816
950
1035
1094
1057
820
1147
841
1040
1111
1112
1055
950
814
992
1058
823
1120
1054
815
1148
843
1042
1113
1141
1145
1128
1149
846
1044
1115
1142
1055
750
728
990
1072
828
1118
1106
1074
825
1150
848
1046
1116
1143
1146
1128
1076
1050
1089
1079
830
1151
851
1049
1117
1141
1147
1149
1076
853
1019
1082
833
1152
853
1050
1118
1139
835
1084
1136
1085
772
1153
854
1051
1119
1144
1154
843
1059
1121
1139
1126
1155
846
1061
1123
1035
748
1156
855
1063
1124
1147
1126
1068
1066
1118
1130
1073
848
1157
857
1065
1125
1146
1155
1068
859
1050
1133
1078
851
1158
859
1066
1126
1145
853
1081
1152
1135
1083
836
1159
860
1067
1127
1148
1156
1160
857
1071
1129
1149
1066
861
1161
861
1068
1128
859
1076
1132
1158
1151
1134
1080
854
1162
860
1075
1131
1150
1157
1161
1163
862
1164
1085
1165
1082
1166
1072
1167
1031
1168
918
658
595
589
741
601
584
1169
978
1168
1098
1031
931
655
591
598
711
764
583
1170
1058
1169
1171
924
978
998
661
605
1172
980
1168
998
807
931
917
664
607
714
1123
1072
936
645
604
758
1173
1029
1169
1172
1142
1123
1167
975
707
610
737
769
523
1174
1079
1170
1175
1110
1176
927
980
984
942
791
924
920
672
675
1058
933
667
1177
982
1169
1110
1115
1178
984
1168
721
682
917
1097
1029
929
678
717
1179
1032
1171
1176
1115
1061
1013
975
921
685
743
1180
1057
1172
1176
1178
1061
828
936
911
688
755
1133
1082
910
612
766
1181
1074
1173
1177
1182
986
1169
1097
1044
723
1183
1034
1172
1178
1044
846
1013
1167
989
726
746
1149
1133
1166
969
691
760
1184
1054
1173
1179
1183
1155
1149
1180
1170
1026
729
749
522
1185
1083
1174
1186
1130
1187
1039
1176
1188
927
792
1111
1057
946
788
921
933
823
1189
1099
1176
1102
1039
1007
982
939
793
943
1032
1079
938
773
1190
1121
1191
1002
1172
1111
804
929
1192
1000
1171
1099
1040
1009
1002
996
986
943
809
1193
1009
1172
1100
1034
949
812
996
1169
1007
841
1147
1130
1170
991
795
948
1074
1194
1036
1175
1187
1147
1146
1195
1040
1176
820
946
989
1109
1054
951
815
1196
1059
1177
1189
1193
1146
1129
1180
1096
1026
948
825
1197
1073
1179
1189
1192
1195
1129
1078
1018
969
938
830
1198
1078
1180
1187
1191
833
910
1135
1085
863
772
1199
1080
1181
1190
1200
1141
1193
1121
1173
1004
837
1201
1042
1177
1191
1141
1125
1183
1117
1109
1173
1011
843
1202
1063
1182
1192
1193
1125
1071
1049
1096
1170
1015
848
1203
1071
1183
1193
851
1018
1166
1151
1135
1165
952
836
1204
1075
1184
1194
1201
1205
1046
1179
1187
1117
1065
855
1206
1065
1183
1195
857
1049
1180
1157
1151
1198
1174
1020
854
1207
1067
1184
1196
1202
1206
1160
1157
1203
1197
1181
1051
860
4
1208
1087
1185
1209
1134
1197
1210
1124
1192
1211
1000
1073
1015
991
1212
1113
1189
1192
1143
1124
1179
1101
1036
1004
1011
1059
1083
952
1213
1131
1196
1212
1214
1104
1177
1113
1116
1182
1042
1215
1116
1189
1063
1046
1101
1175
1202
1150
1134
1174
1088
1020
1080
1216
1127
1194
1212
1215
1205
1156
1150
1197
1186
1105
1051
1075
1217
1119
1190
1210
1202
1156
1067
862
1218
1137
1199
1213
1219
1148
1201
1214
1131
1181
1105
1220
1144
1200
1212
1201
1154
1148
1196
1190
1138
1119
1184
1127
1087
1164
1221
1153
1204
1216
1220
1222
1144
1194
1137
1185
1223
1159
1207
1217
1220
1153
1199
1209
1224
1162
1207
1216
1219
1159
1204
1213
