1
2
3
4
5
6
7
8
9
10
8
12
7
13
13
14
13
6
15
15
16
16
17
15
18
18
18
15
6
19
19
5
20
20
21
22
22
23
22
21
20
24
24
24
25
25
25
24
20
26
26
26
26
20
5
27
27
27
28
28
27
27
4
29
29
30
31
32
32
31
33
33
31
31
30
34
34
30
29
35
35
35
36
36
36
36
35
37
37
37
37
35
29
38
38
38
38
39
39
39
38
29
40
40
40
40
40
29
4
41
41
41
42
42
42
43
41
44
44
44
44
44
41
41
4
45
45
45
3
46
46
47
48
48
49
49
49
48
50
50
48
48
47
51
51
52
51
51
51
47
46
53
54
54
54
53
55
55
55
55
55
53
56
56
56
56
56
53
53
53
46
57
57
57
57
58
58
58
57
57
46
59
59
59
59
59
59
46
60
60
60
60
46
3
61
61
61
62
62
62
61
63
63
63
63
63
63
61
64
64
64
61
61
3
65
65
65
65
66
66
65
65
65
2
67
67
68
68
69
69
70
69
69
68
71
71
71
68
67
72
72
72
73
73
72
72
72
72
67
74
74
74
74
67
2
75
75
75
76
76
76
76
75
2
77
77
77
77
77
2
78
78
