1
2
3
4
5
6
7
8
9
10
11
12
13
11
15
10
16
16
17
16
9
18
18
19
19
20
18
21
21
21
18
9
22
22
8
23
23
24
25
25
26
25
24
23
27
27
27
28
28
28
27
23
29
29
29
29
23
8
30
30
30
31
31
30
30
7
32
32
33
34
35
35
36
35
34
37
37
34
34
33
38
38
33
32
39
39
39
40
40
40
41
41
41
40
39
42
42
42
42
39
32
43
43
43
43
44
44
44
44
43
32
45
45
45
45
45
32
7
46
46
46
47
47
47
48
48
46
49
49
49
49
49
46
46
7
50
50
50
6
51
51
52
53
54
55
55
55
54
56
56
56
54
54
53
57
57
57
57
53
58
58
53
53
52
59
59
60
60
59
59
59
52
51
61
62
62
62
63
63
63
64
64
63
62
65
65
65
65
62
61
66
66
66
67
67
67
67
66
66
61
68
68
68
68
68
61
61
61
51
69
69
69
69
70
70
70
70
71
71
71
71
70
69
72
72
72
72
72
69
51
73
73
73
73
73
74
74
74
74
74
73
51
75
75
75
75
75
75
51
6
76
76
76
77
77
77
78
78
78
79
79
78
78
76
80
80
80
80
81
81
81
81
81
80
80
76
82
82
82
82
82
82
76
76
6
83
83
83
83
84
84
84
83
83
83
5
85
85
86
87
88
89
89
90
90
89
89
88
91
91
92
92
91
91
88
93
93
93
93
88
88
87
94
95
95
94
96
96
96
96
94
94
94
87
97
97
97
97
97
87
98
98
98
87
87
86
99
99
100
100
100
101
101
99
102
102
102
102
102
99
99
99
86
103
103
103
86
85
104
105
106
106
106
107
107
107
107
106
106
105
108
108
108
109
109
109
109
108
108
105
110
110
110
110
110
105
105
105
104
111
111
111
112
112
112
113
113
112
112
111
114
114
114
114
114
111
111
104
115
115
115
116
116
116
116
116
115
115
115
104
117
117
117
117
117
117
104
104
104
85
118
118
118
118
119
119
119
119
120
120
120
120
120
119
121
121
121
121
121
119
118
122
122
122
122
122
123
123
123
123
123
122
118
124
124
124
124
124
124
118
85
125
125
125
125
125
126
126
126
126
126
127
127
127
126
125
128
128
128
128
128
128
125
85
129
129
129
129
129
129
130
130
130
130
130
130
129
85
131
131
131
131
131
131
131
85
5
132
132
132
133
134
134
134
135
135
135
134
136
136
136
136
136
134
134
133
137
137
137
133
133
132
138
138
138
138
139
139
139
139
140
140
140
139
139
138
141
141
141
141
141
141
138
138
132
142
142
142
142
142
143
143
143
143
143
143
142
142
132
144
144
144
144
144
144
144
132
132
5
145
145
145
145
146
146
146
146
147
147
147
145
148
148
148
148
148
148
148
145
145
145
5
149
149
149
149
4
150
150
151
152
153
153
154
155
155
155
155
154
154
153
156
156
156
157
157
156
156
153
158
158
158
158
158
153
153
152
159
160
160
161
161
160
160
160
159
162
162
162
163
163
162
162
159
164
164
164
164
164
159
159
159
152
165
165
165
166
166
166
166
166
165
165
165
152
167
167
167
167
167
167
152
168
168
168
152
152
151
169
169
170
171
171
171
171
171
170
170
169
172
172
172
173
173
173
173
173
172
172
172
169
174
174
174
174
174
174
169
169
169
151
175
175
175
176
176
176
175
175
175
175
151
150
177
178
179
179
179
180
180
180
179
179
179
178
181
181
181
182
182
182
182
182
181
183
183
183
183
183
181
181
178
184
184
184
185
185
185
185
185
184
184
184
178
186
186
186
186
186
186
178
178
178
177
187
188
188
188
189
189
189
189
189
188
188
188
187
190
190
190
191
191
191
190
190
190
187
192
192
192
192
192
192
187
187
187
187
177
193
193
193
194
194
194
194
194
194
193
195
195
195
195
195
195
193
193
193
177
196
196
196
196
197
197
197
197
197
197
196
196
196
177
198
198
198
198
198
198
198
177
177
177
150
199
200
200
200
200
201
201
201
201
202
202
202
201
201
200
203
203
203
203
203
203
200
200
199
204
204
204
204
205
205
205
205
205
205
204
206
206
206
206
206
206
204
204
199
207
207
207
207
208
208
208
208
208
208
207
207
207
199
209
209
209
209
209
209
209
199
199
199
199
150
210
210
210
210
210
211
211
211
211
211
212
212
212
211
213
213
213
213
213
213
211
210
214
214
214
214
214
214
214
210
215
215
215
215
215
215
215
210
150
216
216
216
216
216
216
217
217
217
217
217
217
217
216
218
218
218
218
218
218
218
216
150
219
219
219
219
219
219
219
220
220
220
220
219
150
221
221
221
221
221
221
221
221
150
4
222
222
222
223
224
225
225
225
224
226
226
226
226
226
226
224
227
227
227
224
224
224
224
223
228
228
228
228
229
229
229
228
228
228
223
223
222
230
230
230
230
231
231
231
231
231
232
232
232
232
232
232
231
231
230
233
233
233
233
233
233
233
230
234
234
234
234
234
234
234
230
230
222
235
235
235
235
235
236
236
236
236
236
236
236
235
237
237
237
237
237
237
237
235
235
222
238
238
238
238
238
238
239
239
239
239
238
238
222
240
240
240
240
240
240
240
240
222
222
4
241
241
241
241
242
242
242
242
243
243
243
243
243
243
243
241
244
244
244
244
244
245
245
245
245
244
244
244
241
246
246
246
246
246
246
246
246
241
241
241
4
247
247
247
247
247
248
248
248
248
247
247
247
247
3
249
249
250
251
251
252
253
253
254
254
254
253
255
255
255
253
253
253
252
256
256
257
257
257
256
256
256
256
252
252
251
258
259
259
259
258
260
260
260
260
260
260
258
261
261
261
261
261
261
258
258
258
258
251
262
262
262
262
263
263
263
263
263
263
262
262
262
251
264
264
264
264
264
264
264
251
265
265
265
265
251
251
250
266
266
267
268
268
268
268
268
268
267
269
269
269
267
267
266
270
270
270
271
271
271
271
271
271
270
272
272
272
270
270
270
266
273
273
273
273
273
273
273
266
274
274
274
274
274
274
274
266
266
266
250
275
275
275
276
276
276
276
275
277
277
277
277
277
277
277
275
275
275
275
250
278
278
278
278
250
249
279
280
280
280
281
281
281
282
282
282
282
282
282
281
280
283
283
283
283
283
283
283
280
284
284
284
284
284
284
284
280
280
280
279
285
286
286
286
287
287
287
286
286
286
286
285
288
288
288
289
289
289
288
288
288
288
285
290
290
290
290
290
290
290
285
291
291
291
291
291
291
291
285
285
285
285
279
292
293
293
293
293
293
293
293
292
294
294
294
294
294
294
294
292
295
295
295
295
295
295
295
292
292
292
292
292
279
296
296
296
296
297
297
297
297
297
297
297
296
298
298
298
298
296
296
296
279
299
299
299
299
299
299
299
299
279
300
300
300
300
300
300
300
300
279
279
279
249
301
302
302
302
302
303
303
303
303
302
302
302
302
301
304
304
304
304
305
305
305
305
305
305
305
304
306
306
306
306
306
306
306
304
304
304
301
307
307
307
307
308
308
308
308
307
307
307
307
301
309
309
309
309
309
309
309
309
301
310
310
310
310
310
310
310
310
301
301
301
301
249
311
311
311
311
311
312
312
312
312
312
312
313
313
313
313
312
312
311
314
314
314
314
314
314
314
314
311
315
315
315
315
315
315
315
315
311
311
249
316
316
316
316
316
316
317
317
317
317
317
317
317
317
316
318
318
318
318
318
318
318
318
316
316
249
319
319
319
319
319
319
319
320
320
320
320
319
319
249
321
321
321
321
321
321
321
321
321
249
322
322
322
322
322
249
3
323
323
323
324
325
325
325
326
326
326
326
325
327
327
327
327
325
325
325
325
324
328
328
329
329
329
329
328
328
328
328
328
328
324
330
330
330
330
324
324
323
331
332
332
332
332
331
333
333
333
333
333
333
333
333
331
334
334
334
334
334
334
334
334
331
335
335
335
335
335
335
335
335
331
331
331
331
331
323
336
336
336
336
336
337
337
337
337
336
338
338
338
338
338
338
338
338
336
336
336
323
339
339
339
339
339
339
339
339
339
323
340
340
340
340
340
340
340
340
340
323
341
341
341
341
341
323
323
3
342
342
342
342
343
343
343
343
343
344
344
344
344
342
345
345
345
345
345
345
345
345
345
342
346
346
346
346
346
346
346
346
346
342
347
347
347
347
347
342
342
342
3
348
348
348
348
348
349
349
349
349
349
348
350
350
350
350
350
348
348
348
348
3
351
351
351
351
351
2
352
352
353
353
354
354
355
355
356
356
356
356
355
355
354
357
357
357
357
357
357
357
357
354
354
353
358
358
358
359
359
359
359
358
360
360
360
360
360
360
360
360
358
358
358
358
358
353
361
361
361
361
361
361
361
361
361
353
352
362
362
362
363
363
364
364
364
364
363
363
363
362
365
365
365
365
365
365
365
365
365
362
366
366
366
366
366
366
366
366
366
362
367
367
367
367
367
362
362
362
362
352
368
368
368
368
369
369
369
369
369
368
370
370
370
370
370
368
368
368
368
368
352
371
371
371
371
371
371
371
371
371
371
352
2
372
372
372
373
373
373
374
374
374
374
374
373
373
372
375
375
375
375
375
375
375
375
375
375
372
376
376
376
376
376
372
2
377
377
377
377
378
378
378
378
378
377
377
2
379
379
379
379
379
379
2
380
380
380
380
380
380
