00000000000000
10000000000000
10000000000001
10000000000011
10000000000111
10000000001111
10000000011111
00000001111111
00000011111111
00000111111111
00001111111111
00011111111111
00111111111111
01111111111111
11111111111111
01011111111111
00101111111111
01101111111111
00010111111111
01010111111111
01110111111111
00110111111111
00100111111111
00001011111111
00101111111101
01011011111111
01111011111111
00101011111111
00111011111111
00011011111111
00010011111111
00110011111111
00000101111111
00010111111101
00101111111011
01011101111111
01111101111111
01101101111111
01010101111111
00100101111111
00110101111111
00111101111111
00101101111111
00010101111111
00011101111111
00001101111111
00001001111111
00101001111111
00111001111111
00011001111111
00010001111111
00000010111111
00001011111101
00010111111011
00101111110111
01011110111111
01111110111111
01101110111111
01010110111111
00110111111011
00101011111101
01011010111111
00010011111101
00100110111111
00110110111111
00111110111111
00101110111111
00101010111111
00111010111111
00101111110011
00010010111111
00011010111111
00011110111111
00010110111111
00001010111111
00001110111111
00000110111111
00000100111111
00100100111111
00101100111111
00111100111111
00010100111111
00011100111111
00001100111111
00001000111111
00011000111111
10000000101111
00000101111101
00001011111011
00010111110111
00101111101111
01011111011111
01101111011111
01010111011111
01110111011111
00110111110111
00101101111101
01011011111011
01011011011111
00101011111011
00011011111011
00010101111101
01010101011111
01011101011111
00101111101011
00100101111101
00001001111101
00010011111011
00100111011111
00110111011111
00101111011111
00101011011111
00111011011111
00110011011111
00100101011111
00110101011111
00111101011111
00101101011111
00101001011111
00101111100111
00010111110011
00010001011111
00011001011111
00011101011111
00011111011111
00011011011111
00010101011111
00010111011111
00010011011111
00001001011111
00001101011111
00001111011111
00001011011111
00000101011111
00000111011111
00000011011111
10000001001111
00010011111001
00100110011111
00110110011111
00111110011111
00101110011111
00101010011111
00010010011111
00011010011111
00011110011111
00010110011111
00001010011111
00001110011111
00000110011111
10000010001111
00010100011111
00011100011111
00001100011111
10000100001111
10000000010111
10000001011110
00000101111011
00001011110111
00010111101111
01010111101111
01110111101111
00110111101111
00101110111101
01011011110111
01011011101111
00101011110111
00111011110111
00011011110111
00010110111101
00101101111011
01101101101111
01010101101111
01011101101111
00101111011011
00100101111011
00110101111011
00010101111011
00001101111011
00001010111101
00101011110101
01010110101111
01011110101111
00101010111101
00101111010111
00010111101011
00010010111101
00101111010011
10000010011110
00001001111011
00010011110111
00100111101111
00101011101111
00111011101111
00110011101111
00100101101111
00110101101111
00111101101111
00101101101111
00101001101111
00110111100111
00011001111011
00010011110101
00100110101111
00110110101111
00101110101111
00101010101111
00111010101111
00101011110011
00100100101111
00101100111101
00101111001111
00101100101111
00010100111101
00010111100111
00001011110011
10000100011110
00010001101111
00011001101111
00011101101111
00011011101111
00010101101111
00010011101111
00010010101111
00011010101111
00011110101111
00010110101111
00010100101111
00011100101111
00010111100011
10000100010111
00001100101111
00001110101111
00001101101111
00001010101111
00001011101111
00001001101111
10000010010111
00000110101111
00000111101111
00000101101111
10000001010111
00000011101111
10000000110111
10000000100111
10000100111100
00010011110011
00100111001111
00110111001111
00101011001111
00110011001111
00100101001111
00101101001111
10001000100111
00011001001111
00011101001111
00011011001111
00010101001111
00010111001111
00010011001111
10000100100111
00001101001111
00001111001111
00001011001111
10000010100111
00000111001111
10000001100111
10000001000111
10001001000111
00010110001111
00011110001111
10000101000111
00001110001111
10000011000111
10000010000111
10000110000111
10000000001011
10000000101110
10000001011101
00000101110111
00010111011101
00101110111011
01011101110111
01101101110111
01010101110111
00100101110111
00110101110111
00101101110111
00010101110111
00011101110111
00001101110111
00001011011101
00010110111011
01010110111011
01101110110111
00110110111011
00101011101101
01010110110111
01011010110111
00101011011101
00101110110111
00010111011011
00010011011101
00100110111011
00101010111011
00110111010111
00101110110011
00010010111011
00011010111011
00001010111011
00000110111011
10000010101110
00010101110101
00101011101011
01010111010111
01011011010111
01010101010111
00100101011101
00101110101011
00101101011101
00010101011101
00010111010111
00001011101011
10000100101110
00101001011101
00101110100111
00010111010011
10001000101110
10000001001110
10000010011101
00001001110111
00101001110111
00111001110111
00011001110111
00010011101101
00100110110111
00110110110111
00101010110111
00111010110111
00101101110011
00100100110111
00101100111011
00101100110111
00010100111011
00011011100111
00001100111011
10000100111010
00010011101011
00100111010111
00101011010111
00110011010111
00100101010111
00110101010111
00101101010111
00101001010111
00101011100111
00010101110011
10001001011100
00100101110011
00101110011101
00101110011011
00101010010111
00101110010111
00100110010111
10001001001110
00010111001011
00010110011101
10000101001110
00001011100111
10000010111001
10000010001110
10000100011101
00010001110111
00010010110111
00011010110111
00010110110111
00010100110111
00011100110111
00011000110111
10001000101011
00011001010111
00011101010111
00011011010111
00010101010111
00010011010111
10001001001011
00011010010111
00010110010111
10001010001011
00010111000111
10000101110001
10000100001011
10000110001011
00001110010111
00001110110111
00001101010111
00001100110111
10000101001011
00001011010111
00001010110111
10000100101011
10000100011011
10000010001011
10000011001011
00000111010111
00000110110111
10000010101011
10000010011011
10000001001011
10000001101011
10000001011011
10000000101011
10000000111011
10000000011011
10000000010011
10000010011100
10000100111001
00010011100111
00110011100111
00100101100111
00110101100111
00101101100111
00101001100111
00011001110011
10001001110010
00100110100111
00101010100111
10010010010011
10000100011100
10001000110011
00011001100111
00010101100111
10001001010011
00011010100111
00010110100111
10001010010011
00011100100111
10001001110001
10000100010011
10000110010011
00001101100111
10000101010011
10000100110011
10000010010011
10000011010011
10000010110011
10000001010011
10000001110011
10000000110011
10000000100011
10001000100011
10001001100011
00011011000111
10001010100011
10000100100011
10000110100011
10000101100011
10000010100011
10000011100011
10000001100011
10000001000011
10000101000011
10000111000011
10000011000011
10000010000011
10000000000101
10000000010110
10000000101101
10000010110110
00001011011011
00101101101101
01011011011011
00101011011011
00011011011011
00010101101101
01010101011011
00101101101011
00100101101101
10000100110110
00010011011011
00110011011011
00100101011011
00110101011011
00101101011011
00101001011011
00010110110011
10001000101101
00011001011011
00010101011011
10000100101101
00001101011011
10000010101101
10000001101101
10000001010110
10000101011010
00010101101011
01010101101011
00110101101011
00101010110101
01010110101011
10001001011010
00100101101011
00101010101101
00101011010011
10001001010110
00010110101011
00010110101101
10000101010110
10000010110101
10000010010110
10010010010110
00101100101101
10001010010110
10000101101001
10000100010110
10001011010001
10000000100110
10000001001101
10001001101100
00100110011011
00110110011011
00101010011011
10001001001101
00011010011011
00010110011011
10000101001101
10000011001101
10000010011010
10000100110101
00101001101011
00011001101011
10001001101010
00100110101011
00101010101011
00101010110011
10010010010101
00101011001101
00101011001011
10001010011010
10000101011001
10000100101100
10001001011001
00101100110011
10010010100110
10010010100101
10001001101001
10001000100110
10001011001001
10001010100110
10001001100110
10000100100110
10000101100101
10000101100110
10000010100110
10000001011001
10000001000110
10000010001101
10001010001101
10000110001101
10000100011010
10001000110101
10001001010101
00011010101011
10001010010101
10001010110001
10001000100101
10001100100101
10001010100101
10001001100101
10001001000101
10001011000110
10001011000101
10000101000110
10000010110001
10000010000110
10000100001101
10000100010101
10000110010101
10000101010101
10000100100101
10000110100101
10000101000101
10000101100001
10000010000101
10000011000101
10000011010101
10000010100101
10000010010101
10000001000101
10000001100101
10000001010101
10000000100101
10000000110101
10000000010101
10000000001101
10000000001001
10000001001100
10000010011001
10010010011001
10001010011001
10000110011001
10000100110010
10010010101001
10010100101001
10001001001100
10010011001001
10000010001100
10000100011001
10001100011001
10001000101001
10001100101001
10001010101001
10001001001001
10001001100010
10000100110001
10000100001001
10000110001001
10000101001001
10000100101001
10000010001001
10000011001001
10000010101001
10000001001001
10000000101001
10000000011001
10000000010001
10000100011000
10001000110001
10001001010001
10000100010001
10000101010001
10000010010001
10000001010001
10000000110001
10000000100001
10000100100001
10000010100001
10000001100001
10000001000001
10000011000001
10000000000010
10000000001010
10000000101010
10000010101010
10001010101010
01010101010101
10010010101010
10000100101010
10010100101010
10001000101010
10000001001010
10001001010100
10010101001010
10001001001010
10000101001010
10000010001010
10001010001010
10000100001010
10000000010010
10000010010100
10001001010010
10010010010010
10000100010100
10001010010010
10000100010010
10000010010010
10000001010010
10000000100010
10001000100010
10000100100010
10000010100010
10000001000010
10000101000010
10000010000010
10000000000100
10000000100100
10000100100100
10001000100100
10000001000100
10001001000100
10000010000100
10000000001000
10000010001000
10000100001000
10000000010000
10000000100000
10000001000000
